function X=signal1

X=[230	230	120	120	120	120	230	230	120	120	120	120	230	230	230	230	230	120	120	120	120	230	120	120	120	120	120	120	120	230	230	230	230	120	230	230	230	120	120	230	230	120	120	120	230	230	230	230	230	120	120	120	120	120	230	230	230	120	230	230	230	230	230	120	120	120	230	120	230	230	230	230	120	230	120	120	120	120	120	230	230	230	230	230	120	120	120	230	230	230	120	230	230	230	230	230	230	120	230	230	120	120	120	120	230	230	120	120	230	230	120	120	120	230	230	230	230	230	230	230	120	230	230	230	120	120	120	120	120	120	120	120	120	230	230	230	230	120	120	120	120	120	120	230	230	230	230	230	230	120	120	120	230	230	230	230	230	230	230	230	230	120	120	120	120	120	120	120	120	230	230	230	230	120	120	120	230	230	230	230	230	230	230	230	230	120	230	120	120	120	120	120	120	120	120	120	120	120	120	120	120	120	230	230	230	230	120	230	230	230	120	120	230	120	120	120	120	120	120	230	230	230	230	230	230	230	120	120	120	120	230	230	120	230	120	120	120	120	230	230	230	230	230	120	120	120	120	230	230	230	];
